%YAML:1.0
---
aPoints:
   - [ 693., 603. ]
   - [ 1045., 604. ]
   - [ 1056., 813. ]
   - [ 456., 773. ]
matH: !!opencv-matrix
   rows: 3
   cols: 3
   dt: d
   data: [ -4.5264201382757557e-01, -2.2871806099069092e+00,
       1.2899643731479730e+03, -1.3031848205227317e-01,
       -2.8443398576899317e+00, 1.4025611920408510e+03,
       -1.6645827844699842e-04, -2.3022429117690452e-03, 1. ]
widthOut: 1920
heightOut: 1080
